0   11   13   9   19   20   27   13   19   11   19   10
11   0   8   9   11   19   10   15   12   23   24   11
13   8   0   18   19   19   27   27   19   24   12   17
9   9   18   0   19   20   10   20   21   20   27   10
19   11   25   19   0   21   17   26   20   14   24   17
20   13   20   20   21   0   28   14   22   17   22   23
27   10   17   10   17   28   0   12   18   26   10   12
13   15   27   20   19   14   12   0   27   10   19   17
29   12   19   21   20   22   18   27   0   20   22   16
11   20   24   10   14   17   26   10   10   0   25   21
18   19   12   14   14   22   10   19   12   25   0   21
20   21   17   10   17   20   22   17   16   21   21   0